1,1	46
1,2	96
1,3	41
1,4	11
1,5	21
1,6	28
1,7	32
1,8	12
1,9	51
1,10	96
1,11	68
1,12	19
1,13	66
1,14	75
1,15	69
1,16	91
1,17	85
1,18	22
1,19	97
1,20	31
1,21	63
1,22	90
1,23	53
1,24	63
1,25	79
1,26	73
1,27	20
1,28	89
1,29	65
1,30	97
1,31	91
1,32	12
1,33	93
1,34	85
1,35	75
1,36	67
1,37	13
1,38	7
1,39	79
1,40	64
2,1	55
2,2	0
2,3	83
2,4	22
2,5	75
2,6	52
2,7	65
2,8	12
2,9	26
2,10	62
2,11	43
2,12	42
2,13	5
2,14	48
2,15	5
2,16	84
2,17	73
2,18	77
2,19	26
2,20	91
2,21	75
2,22	69
2,23	3
2,24	20
2,25	54
2,26	30
2,27	87
2,28	20
2,29	37
2,30	19
2,31	36
2,32	92
2,33	71
2,34	72
2,35	66
2,36	46
2,37	76
2,38	84
2,39	11
2,40	3
3,1	46
3,2	6
3,3	45
3,4	51
3,5	7
3,6	2
3,7	88
3,8	80
3,9	80
3,10	14
3,11	71
3,12	7
3,13	83
3,14	26
3,15	27
3,16	90
3,17	8
3,18	67
3,19	62
3,20	45
3,21	86
3,22	98
3,23	90
3,24	57
3,25	70
3,26	8
3,27	55
3,28	47
3,29	92
3,30	18
3,31	2
3,32	39
3,33	77
3,34	47
3,35	42
3,36	84
3,37	1
3,38	30
3,39	16
3,40	33
4,1	96
4,2	40
4,3	40
4,4	32
4,5	18
4,6	20
4,7	74
4,8	27
4,9	39
4,10	36
4,11	72
4,12	77
4,13	34
4,14	14
4,15	34
4,16	57
4,17	23
4,18	41
4,19	56
4,20	67
4,21	12
4,22	58
4,23	58
4,24	89
4,25	57
4,26	1
4,27	73
4,28	58
4,29	83
4,30	89
4,31	92
4,32	32
4,33	81
4,34	84
4,35	64
4,36	0
4,37	56
4,38	38
4,39	27
4,40	95
5,1	26
5,2	51
5,3	72
5,4	12
5,5	18
5,6	58
5,7	69
5,8	93
5,9	52
5,10	25
5,11	60
5,12	64
5,13	35
5,14	71
5,15	53
5,16	92
5,17	72
5,18	78
5,19	3
5,20	7
5,21	19
5,22	47
5,23	91
5,24	1
5,25	83
5,26	55
5,27	1
5,28	40
5,29	45
5,30	80
5,31	87
5,32	71
5,33	31
5,34	12
5,35	36
5,36	49
5,37	70
5,38	5
5,39	42
5,40	22
6,1	83
6,2	55
6,3	38
6,4	70
6,5	26
6,6	91
6,7	15
6,8	50
6,9	21
6,10	18
6,11	9
6,12	41
6,13	17
6,14	1
6,15	42
6,16	0
6,17	8
6,18	95
6,19	92
6,20	54
6,21	75
6,22	32
6,23	77
6,24	58
6,25	44
6,26	13
6,27	60
6,28	66
6,29	71
6,30	54
6,31	41
6,32	6
6,33	61
6,34	79
6,35	76
6,36	87
6,37	23
6,38	91
6,39	89
6,40	44
7,1	61
7,2	99
7,3	85
7,4	30
7,5	0
7,6	79
7,7	31
7,8	8
7,9	26
7,10	75
7,11	14
7,12	53
7,13	7
7,14	44
7,15	12
7,16	51
7,17	57
7,18	24
7,19	70
7,20	80
7,21	30
7,22	11
7,23	86
7,24	92
7,25	90
7,26	15
7,27	79
7,28	65
7,29	58
7,30	69
7,31	10
7,32	72
7,33	20
7,34	47
7,35	2
7,36	20
7,37	79
7,38	85
7,39	80
7,40	5
8,1	61
8,2	95
8,3	11
8,4	20
8,5	39
8,6	23
8,7	24
8,8	48
8,9	99
8,10	94
8,11	81
8,12	29
8,13	5
8,14	19
8,15	21
8,16	47
8,17	34
8,18	53
8,19	13
8,20	45
8,21	74
8,22	75
8,23	17
8,24	94
8,25	74
8,26	19
8,27	66
8,28	5
8,29	57
8,30	98
8,31	63
8,32	18
8,33	93
8,34	74
8,35	90
8,36	84
8,37	49
8,38	14
8,39	85
8,40	48
9,1	8
9,2	18
9,3	29
9,4	65
9,5	37
9,6	51
9,7	65
9,8	24
9,9	56
9,10	78
9,11	69
9,12	82
9,13	5
9,14	86
9,15	76
9,16	31
9,17	57
9,18	94
9,19	37
9,20	66
9,21	92
9,22	0
9,23	36
9,24	38
9,25	74
9,26	27
9,27	74
9,28	23
9,29	41
9,30	11
9,31	23
9,32	2
9,33	29
9,34	52
9,35	67
9,36	67
9,37	55
9,38	32
9,39	91
9,40	63
10,1	62
10,2	60
10,3	45
10,4	19
10,5	98
10,6	73
10,7	51
10,8	7
10,9	67
10,10	40
10,11	74
10,12	12
10,13	92
10,14	10
10,15	2
10,16	18
10,17	89
10,18	76
10,19	93
10,20	31
10,21	88
10,22	16
10,23	33
10,24	17
10,25	68
10,26	52
10,27	36
10,28	76
10,29	37
10,30	27
10,31	39
10,32	51
10,33	39
10,34	37
10,35	71
10,36	89
10,37	10
10,38	74
10,39	97
10,40	30
11,1	66
11,2	23
11,3	94
11,4	58
11,5	85
11,6	96
11,7	76
11,8	75
11,9	72
11,10	69
11,11	58
11,12	12
11,13	37
11,14	43
11,15	30
11,16	57
11,17	95
11,18	18
11,19	33
11,20	84
11,21	46
11,22	25
11,23	36
11,24	37
11,25	62
11,26	59
11,27	27
11,28	72
11,29	85
11,30	76
11,31	54
11,32	51
11,33	51
11,34	48
11,35	61
11,36	36
11,37	44
11,38	37
11,39	63
11,40	17
12,1	58
12,2	21
12,3	29
12,4	95
12,5	16
12,6	11
12,7	52
12,8	12
12,9	30
12,10	86
12,11	48
12,12	28
12,13	63
12,14	36
12,15	65
12,16	25
12,17	95
12,18	44
12,19	97
12,20	32
12,21	72
12,22	52
12,23	83
12,24	23
12,25	52
12,26	44
12,27	12
12,28	97
12,29	33
12,30	75
12,31	66
12,32	91
12,33	49
12,34	95
12,35	38
12,36	65
12,37	59
12,38	91
12,39	29
12,40	41
13,1	29
13,2	78
13,3	69
13,4	92
13,5	66
13,6	86
13,7	69
13,8	62
13,9	83
13,10	18
13,11	94
13,12	55
13,13	70
13,14	30
13,15	79
13,16	75
13,17	26
13,18	91
13,19	72
13,20	60
13,21	18
13,22	38
13,23	3
13,24	19
13,25	85
13,26	94
13,27	85
13,28	96
13,29	37
13,30	66
13,31	37
13,32	66
13,33	96
13,34	6
13,35	10
13,36	63
13,37	45
13,38	31
13,39	77
13,40	28
14,1	49
14,2	23
14,3	83
14,4	72
14,5	53
14,6	14
14,7	47
14,8	80
14,9	57
14,10	19
14,11	92
14,12	76
14,13	9
14,14	47
14,15	95
14,16	46
14,17	41
14,18	32
14,19	43
14,20	78
14,21	99
14,22	80
14,23	96
14,24	47
14,25	39
14,26	58
14,27	10
14,28	84
14,29	89
14,30	87
14,31	64
14,32	39
14,33	11
14,34	47
14,35	11
14,36	16
14,37	62
14,38	58
14,39	48
14,40	19
15,1	29
15,2	40
15,3	47
15,4	38
15,5	88
15,6	95
15,7	84
15,8	29
15,9	79
15,10	79
15,11	60
15,12	30
15,13	60
15,14	56
15,15	78
15,16	99
15,17	15
15,18	88
15,19	35
15,20	4
15,21	28
15,22	99
15,23	43
15,24	91
15,25	98
15,26	6
15,27	7
15,28	12
15,29	64
15,30	56
15,31	84
15,32	45
15,33	48
15,34	31
15,35	35
15,36	36
15,37	78
15,38	72
15,39	18
15,40	58
16,1	51
16,2	78
16,3	88
16,4	11
16,5	86
16,6	66
16,7	62
16,8	1
16,9	7
16,10	97
16,11	58
16,12	35
16,13	48
16,14	1
16,15	78
16,16	47
16,17	60
16,18	85
16,19	59
16,20	76
16,21	93
16,22	43
16,23	22
16,24	42
16,25	27
16,26	57
16,27	30
16,28	5
16,29	81
16,30	48
16,31	63
16,32	33
16,33	78
16,34	52
16,35	96
16,36	65
16,37	70
16,38	59
16,39	18
16,40	77
17,1	8
17,2	76
17,3	64
17,4	57
17,5	30
17,6	42
17,7	56
17,8	90
17,9	80
17,10	15
17,11	66
17,12	73
17,13	11
17,14	40
17,15	15
17,16	38
17,17	50
17,18	46
17,19	43
17,20	31
17,21	46
17,22	7
17,23	64
17,24	77
17,25	11
17,26	13
17,27	94
17,28	33
17,29	24
17,30	12
17,31	63
17,32	32
17,33	89
17,34	79
17,35	41
17,36	71
17,37	74
17,38	97
17,39	61
17,40	54
18,1	65
18,2	79
18,3	27
18,4	76
18,5	20
18,6	95
18,7	14
18,8	70
18,9	93
18,10	57
18,11	1
18,12	39
18,13	16
18,14	18
18,15	16
18,16	79
18,17	31
18,18	62
18,19	65
18,20	55
18,21	75
18,22	28
18,23	39
18,24	16
18,25	7
18,26	81
18,27	87
18,28	81
18,29	30
18,30	0
18,31	87
18,32	95
18,33	79
18,34	15
18,35	23
18,36	99
18,37	62
18,38	37
18,39	21
18,40	55
19,1	47
19,2	75
19,3	94
19,4	15
19,5	93
19,6	63
19,7	47
19,8	76
19,9	25
19,10	12
19,11	83
19,12	52
19,13	92
19,14	22
19,15	68
19,16	51
19,17	55
19,18	7
19,19	85
19,20	38
19,21	7
19,22	72
19,23	85
19,24	39
19,25	39
19,26	9
19,27	90
19,28	1
19,29	98
19,30	12
19,31	56
19,32	45
19,33	87
19,34	3
19,35	13
19,36	32
19,37	18
19,38	60
19,39	8
19,40	95
20,1	24
20,2	91
20,3	48
20,4	16
20,5	65
20,6	68
20,7	19
20,8	21
20,9	28
20,10	4
20,11	11
20,12	35
20,13	77
20,14	96
20,15	74
20,16	68
20,17	5
20,18	17
20,19	70
20,20	4
20,21	29
20,22	78
20,23	1
20,24	16
20,25	33
20,26	66
20,27	0
20,28	3
20,29	78
20,30	8
20,31	99
20,32	2
20,33	51
20,34	99
20,35	70
20,36	16
20,37	67
20,38	90
20,39	89
20,40	47
21,1	46
21,2	0
21,3	83
21,4	75
21,5	97
21,6	9
21,7	44
21,8	54
21,9	26
21,10	66
21,11	10
21,12	7
21,13	96
21,14	12
21,15	75
21,16	82
21,17	78
21,18	75
21,19	85
21,20	9
21,21	83
21,22	84
21,23	11
21,24	86
21,25	83
21,26	34
21,27	3
21,28	3
21,29	76
21,30	44
21,31	50
21,32	22
21,33	45
21,34	85
21,35	98
21,36	94
21,37	47
21,38	94
21,39	48
21,40	25
22,1	60
22,2	59
22,3	33
22,4	56
22,5	23
22,6	8
22,7	38
22,8	53
22,9	84
22,10	76
22,11	62
22,12	19
22,13	60
22,14	26
22,15	6
22,16	96
22,17	60
22,18	61
22,19	51
22,20	36
22,21	5
22,22	53
22,23	58
22,24	2
22,25	91
22,26	8
22,27	96
22,28	38
22,29	2
22,30	97
22,31	63
22,32	62
22,33	8
22,34	48
22,35	71
22,36	31
22,37	9
22,38	61
22,39	84
22,40	45
23,1	37
23,2	99
23,3	64
23,4	50
23,5	25
23,6	22
23,7	98
23,8	85
23,9	35
23,10	1
23,11	73
23,12	41
23,13	54
23,14	31
23,15	95
23,16	45
23,17	92
23,18	44
23,19	83
23,20	94
23,21	41
23,22	99
23,23	9
23,24	49
23,25	99
23,26	32
23,27	32
23,28	8
23,29	93
23,30	68
23,31	53
23,32	83
23,33	67
23,34	70
23,35	85
23,36	92
23,37	92
23,38	83
23,39	77
23,40	28
24,1	84
24,2	50
24,3	21
24,4	90
24,5	34
24,6	68
24,7	36
24,8	78
24,9	12
24,10	71
24,11	72
24,12	5
24,13	22
24,14	33
24,15	6
24,16	22
24,17	65
24,18	90
24,19	30
24,20	11
24,21	59
24,22	36
24,23	94
24,24	26
24,25	6
24,26	31
24,27	19
24,28	98
24,29	66
24,30	48
24,31	78
24,32	2
24,33	51
24,34	51
24,35	92
24,36	85
24,37	72
24,38	80
24,39	15
24,40	84
25,1	4
25,2	87
25,3	42
25,4	26
25,5	21
25,6	0
25,7	0
25,8	86
25,9	91
25,10	31
25,11	97
25,12	50
25,13	67
25,14	43
25,15	76
25,16	25
25,17	74
25,18	47
25,19	23
25,20	40
25,21	96
25,22	54
25,23	94
25,24	47
25,25	57
25,26	87
25,27	84
25,28	29
25,29	67
25,30	99
25,31	66
25,32	23
25,33	38
25,34	60
25,35	50
25,36	59
25,37	60
25,38	50
25,39	98
25,40	3
26,1	33
26,2	47
26,3	53
26,4	52
26,5	91
26,6	82
26,7	77
26,8	17
26,9	29
26,10	53
26,11	10
26,12	25
26,13	59
26,14	4
26,15	24
26,16	16
26,17	43
26,18	8
26,19	98
26,20	63
26,21	7
26,22	16
26,23	86
26,24	98
26,25	76
26,26	36
26,27	57
26,28	88
26,29	39
26,30	7
26,31	92
26,32	24
26,33	55
26,34	97
26,35	29
26,36	98
26,37	79
26,38	6
26,39	67
26,40	61
27,1	11
27,2	77
27,3	38
27,4	70
27,5	34
27,6	63
27,7	39
27,8	77
27,9	71
27,10	89
27,11	40
27,12	31
27,13	5
27,14	79
27,15	29
27,16	33
27,17	67
27,18	38
27,19	21
27,20	6
27,21	46
27,22	13
27,23	83
27,24	53
27,25	63
27,26	12
27,27	3
27,28	94
27,29	70
27,30	70
27,31	55
27,32	82
27,33	0
27,34	94
27,35	4
27,36	34
27,37	9
27,38	95
27,39	63
27,40	32
28,1	84
28,2	56
28,3	15
28,4	89
28,5	35
28,6	44
28,7	22
28,8	2
28,9	35
28,10	96
28,11	61
28,12	33
28,13	61
28,14	44
28,15	38
28,16	24
28,17	56
28,18	41
28,19	19
28,20	26
28,21	11
28,22	26
28,23	60
28,24	11
28,25	72
28,26	65
28,27	97
28,28	81
28,29	60
28,30	13
28,31	14
28,32	97
28,33	69
28,34	29
28,35	38
28,36	56
28,37	26
28,38	13
28,39	58
28,40	13
29,1	9
29,2	19
29,3	46
29,4	70
29,5	15
29,6	84
29,7	47
29,8	23
29,9	25
29,10	66
29,11	2
29,12	88
29,13	44
29,14	62
29,15	52
29,16	17
29,17	79
29,18	1
29,19	50
29,20	92
29,21	14
29,22	64
29,23	89
29,24	35
29,25	46
29,26	79
29,27	91
29,28	72
29,29	92
29,30	50
29,31	85
29,32	1
29,33	21
29,34	31
29,35	72
29,36	89
29,37	67
29,38	71
29,39	12
29,40	44
30,1	37
30,2	66
30,3	32
30,4	33
30,5	81
30,6	36
30,7	50
30,8	60
30,9	38
30,10	1
30,11	4
30,12	52
30,13	17
30,14	45
30,15	88
30,16	63
30,17	25
30,18	31
30,19	35
30,20	17
30,21	33
30,22	72
30,23	19
30,24	55
30,25	55
30,26	43
30,27	96
30,28	74
30,29	14
30,30	60
30,31	18
30,32	3
30,33	27
30,34	3
30,35	88
30,36	8
30,37	39
30,38	91
30,39	20
30,40	77
