1,1	46
1,2	96
1,3	41
1,4	11
1,5	21
1,6	28
1,7	32
1,8	12
1,9	51
1,10	96
1,11	68
1,12	19
1,13	66
1,14	75
1,15	69
1,16	91
1,17	85
1,18	22
1,19	97
1,20	31
1,21	63
1,22	90
1,23	53
1,24	63
1,25	79
1,26	73
1,27	20
1,28	89
1,29	65
1,30	97
1,31	91
1,32	12
1,33	93
1,34	85
1,35	75
1,36	67
1,37	13
1,38	7
1,39	79
1,40	64
1,41	55
1,42	0
1,43	83
1,44	22
1,45	75
1,46	52
1,47	65
1,48	12
1,49	26
1,50	62
2,1	43
2,2	42
2,3	5
2,4	48
2,5	5
2,6	84
2,7	73
2,8	77
2,9	26
2,10	91
2,11	75
2,12	69
2,13	3
2,14	20
2,15	54
2,16	30
2,17	87
2,18	20
2,19	37
2,20	19
2,21	36
2,22	92
2,23	71
2,24	72
2,25	66
2,26	46
2,27	76
2,28	84
2,29	11
2,30	3
2,31	46
2,32	6
2,33	45
2,34	51
2,35	7
2,36	2
2,37	88
2,38	80
2,39	80
2,40	14
2,41	71
2,42	7
2,43	83
2,44	26
2,45	27
2,46	90
2,47	8
2,48	67
2,49	62
2,50	45
3,1	86
3,2	98
3,3	90
3,4	57
3,5	70
3,6	8
3,7	55
3,8	47
3,9	92
3,10	18
3,11	2
3,12	39
3,13	77
3,14	47
3,15	42
3,16	84
3,17	1
3,18	30
3,19	16
3,20	33
3,21	96
3,22	40
3,23	40
3,24	32
3,25	18
3,26	20
3,27	74
3,28	27
3,29	39
3,30	36
3,31	72
3,32	77
3,33	34
3,34	14
3,35	34
3,36	57
3,37	23
3,38	41
3,39	56
3,40	67
3,41	12
3,42	58
3,43	58
3,44	89
3,45	57
3,46	1
3,47	73
3,48	58
3,49	83
3,50	89
4,1	92
4,2	32
4,3	81
4,4	84
4,5	64
4,6	0
4,7	56
4,8	38
4,9	27
4,10	95
4,11	26
4,12	51
4,13	72
4,14	12
4,15	18
4,16	58
4,17	69
4,18	93
4,19	52
4,20	25
4,21	60
4,22	64
4,23	35
4,24	71
4,25	53
4,26	92
4,27	72
4,28	78
4,29	3
4,30	7
4,31	19
4,32	47
4,33	91
4,34	1
4,35	83
4,36	55
4,37	1
4,38	40
4,39	45
4,40	80
4,41	87
4,42	71
4,43	31
4,44	12
4,45	36
4,46	49
4,47	70
4,48	5
4,49	42
4,50	22
5,1	83
5,2	55
5,3	38
5,4	70
5,5	26
5,6	91
5,7	15
5,8	50
5,9	21
5,10	18
5,11	9
5,12	41
5,13	17
5,14	1
5,15	42
5,16	0
5,17	8
5,18	95
5,19	92
5,20	54
5,21	75
5,22	32
5,23	77
5,24	58
5,25	44
5,26	13
5,27	60
5,28	66
5,29	71
5,30	54
5,31	41
5,32	6
5,33	61
5,34	79
5,35	76
5,36	87
5,37	23
5,38	91
5,39	89
5,40	44
5,41	61
5,42	99
5,43	85
5,44	30
5,45	0
5,46	79
5,47	31
5,48	8
5,49	26
5,50	75
6,1	14
6,2	53
6,3	7
6,4	44
6,5	12
6,6	51
6,7	57
6,8	24
6,9	70
6,10	80
6,11	30
6,12	11
6,13	86
6,14	92
6,15	90
6,16	15
6,17	79
6,18	65
6,19	58
6,20	69
6,21	10
6,22	72
6,23	20
6,24	47
6,25	2
6,26	20
6,27	79
6,28	85
6,29	80
6,30	5
6,31	61
6,32	95
6,33	11
6,34	20
6,35	39
6,36	23
6,37	24
6,38	48
6,39	99
6,40	94
6,41	81
6,42	29
6,43	5
6,44	19
6,45	21
6,46	47
6,47	34
6,48	53
6,49	13
6,50	45
7,1	74
7,2	75
7,3	17
7,4	94
7,5	74
7,6	19
7,7	66
7,8	5
7,9	57
7,10	98
7,11	63
7,12	18
7,13	93
7,14	74
7,15	90
7,16	84
7,17	49
7,18	14
7,19	85
7,20	48
7,21	8
7,22	18
7,23	29
7,24	65
7,25	37
7,26	51
7,27	65
7,28	24
7,29	56
7,30	78
7,31	69
7,32	82
7,33	5
7,34	86
7,35	76
7,36	31
7,37	57
7,38	94
7,39	37
7,40	66
7,41	92
7,42	0
7,43	36
7,44	38
7,45	74
7,46	27
7,47	74
7,48	23
7,49	41
7,50	11
8,1	23
8,2	2
8,3	29
8,4	52
8,5	67
8,6	67
8,7	55
8,8	32
8,9	91
8,10	63
8,11	62
8,12	60
8,13	45
8,14	19
8,15	98
8,16	73
8,17	51
8,18	7
8,19	67
8,20	40
8,21	74
8,22	12
8,23	92
8,24	10
8,25	2
8,26	18
8,27	89
8,28	76
8,29	93
8,30	31
8,31	88
8,32	16
8,33	33
8,34	17
8,35	68
8,36	52
8,37	36
8,38	76
8,39	37
8,40	27
8,41	39
8,42	51
8,43	39
8,44	37
8,45	71
8,46	89
8,47	10
8,48	74
8,49	97
8,50	30
9,1	66
9,2	23
9,3	94
9,4	58
9,5	85
9,6	96
9,7	76
9,8	75
9,9	72
9,10	69
9,11	58
9,12	12
9,13	37
9,14	43
9,15	30
9,16	57
9,17	95
9,18	18
9,19	33
9,20	84
9,21	46
9,22	25
9,23	36
9,24	37
9,25	62
9,26	59
9,27	27
9,28	72
9,29	85
9,30	76
9,31	54
9,32	51
9,33	51
9,34	48
9,35	61
9,36	36
9,37	44
9,38	37
9,39	63
9,40	17
9,41	58
9,42	21
9,43	29
9,44	95
9,45	16
9,46	11
9,47	52
9,48	12
9,49	30
9,50	86
10,1	48
10,2	28
10,3	63
10,4	36
10,5	65
10,6	25
10,7	95
10,8	44
10,9	97
10,10	32
10,11	72
10,12	52
10,13	83
10,14	23
10,15	52
10,16	44
10,17	12
10,18	97
10,19	33
10,20	75
10,21	66
10,22	91
10,23	49
10,24	95
10,25	38
10,26	65
10,27	59
10,28	91
10,29	29
10,30	41
10,31	29
10,32	78
10,33	69
10,34	92
10,35	66
10,36	86
10,37	69
10,38	62
10,39	83
10,40	18
10,41	94
10,42	55
10,43	70
10,44	30
10,45	79
10,46	75
10,47	26
10,48	91
10,49	72
10,50	60
11,1	18
11,2	38
11,3	3
11,4	19
11,5	85
11,6	94
11,7	85
11,8	96
11,9	37
11,10	66
11,11	37
11,12	66
11,13	96
11,14	6
11,15	10
11,16	63
11,17	45
11,18	31
11,19	77
11,20	28
11,21	49
11,22	23
11,23	83
11,24	72
11,25	53
11,26	14
11,27	47
11,28	80
11,29	57
11,30	19
11,31	92
11,32	76
11,33	9
11,34	47
11,35	95
11,36	46
11,37	41
11,38	32
11,39	43
11,40	78
11,41	99
11,42	80
11,43	96
11,44	47
11,45	39
11,46	58
11,47	10
11,48	84
11,49	89
11,50	87
12,1	64
12,2	39
12,3	11
12,4	47
12,5	11
12,6	16
12,7	62
12,8	58
12,9	48
12,10	19
12,11	29
12,12	40
12,13	47
12,14	38
12,15	88
12,16	95
12,17	84
12,18	29
12,19	79
12,20	79
12,21	60
12,22	30
12,23	60
12,24	56
12,25	78
12,26	99
12,27	15
12,28	88
12,29	35
12,30	4
12,31	28
12,32	99
12,33	43
12,34	91
12,35	98
12,36	6
12,37	7
12,38	12
12,39	64
12,40	56
12,41	84
12,42	45
12,43	48
12,44	31
12,45	35
12,46	36
12,47	78
12,48	72
12,49	18
12,50	58
13,1	51
13,2	78
13,3	88
13,4	11
13,5	86
13,6	66
13,7	62
13,8	1
13,9	7
13,10	97
13,11	58
13,12	35
13,13	48
13,14	1
13,15	78
13,16	47
13,17	60
13,18	85
13,19	59
13,20	76
13,21	93
13,22	43
13,23	22
13,24	42
13,25	27
13,26	57
13,27	30
13,28	5
13,29	81
13,30	48
13,31	63
13,32	33
13,33	78
13,34	52
13,35	96
13,36	65
13,37	70
13,38	59
13,39	18
13,40	77
13,41	8
13,42	76
13,43	64
13,44	57
13,45	30
13,46	42
13,47	56
13,48	90
13,49	80
13,50	15
14,1	66
14,2	73
14,3	11
14,4	40
14,5	15
14,6	38
14,7	50
14,8	46
14,9	43
14,10	31
14,11	46
14,12	7
14,13	64
14,14	77
14,15	11
14,16	13
14,17	94
14,18	33
14,19	24
14,20	12
14,21	63
14,22	32
14,23	89
14,24	79
14,25	41
14,26	71
14,27	74
14,28	97
14,29	61
14,30	54
14,31	65
14,32	79
14,33	27
14,34	76
14,35	20
14,36	95
14,37	14
14,38	70
14,39	93
14,40	57
14,41	1
14,42	39
14,43	16
14,44	18
14,45	16
14,46	79
14,47	31
14,48	62
14,49	65
14,50	55
15,1	75
15,2	28
15,3	39
15,4	16
15,5	7
15,6	81
15,7	87
15,8	81
15,9	30
15,10	0
15,11	87
15,12	95
15,13	79
15,14	15
15,15	23
15,16	99
15,17	62
15,18	37
15,19	21
15,20	55
15,21	47
15,22	75
15,23	94
15,24	15
15,25	93
15,26	63
15,27	47
15,28	76
15,29	25
15,30	12
15,31	83
15,32	52
15,33	92
15,34	22
15,35	68
15,36	51
15,37	55
15,38	7
15,39	85
15,40	38
15,41	7
15,42	72
15,43	85
15,44	39
15,45	39
15,46	9
15,47	90
15,48	1
15,49	98
15,50	12
16,1	56
16,2	45
16,3	87
16,4	3
16,5	13
16,6	32
16,7	18
16,8	60
16,9	8
16,10	95
16,11	24
16,12	91
16,13	48
16,14	16
16,15	65
16,16	68
16,17	19
16,18	21
16,19	28
16,20	4
16,21	11
16,22	35
16,23	77
16,24	96
16,25	74
16,26	68
16,27	5
16,28	17
16,29	70
16,30	4
16,31	29
16,32	78
16,33	1
16,34	16
16,35	33
16,36	66
16,37	0
16,38	3
16,39	78
16,40	8
16,41	99
16,42	2
16,43	51
16,44	99
16,45	70
16,46	16
16,47	67
16,48	90
16,49	89
16,50	47
17,1	46
17,2	0
17,3	83
17,4	75
17,5	97
17,6	9
17,7	44
17,8	54
17,9	26
17,10	66
17,11	10
17,12	7
17,13	96
17,14	12
17,15	75
17,16	82
17,17	78
17,18	75
17,19	85
17,20	9
17,21	83
17,22	84
17,23	11
17,24	86
17,25	83
17,26	34
17,27	3
17,28	3
17,29	76
17,30	44
17,31	50
17,32	22
17,33	45
17,34	85
17,35	98
17,36	94
17,37	47
17,38	94
17,39	48
17,40	25
17,41	60
17,42	59
17,43	33
17,44	56
17,45	23
17,46	8
17,47	38
17,48	53
17,49	84
17,50	76
18,1	62
18,2	19
18,3	60
18,4	26
18,5	6
18,6	96
18,7	60
18,8	61
18,9	51
18,10	36
18,11	5
18,12	53
18,13	58
18,14	2
18,15	91
18,16	8
18,17	96
18,18	38
18,19	2
18,20	97
18,21	63
18,22	62
18,23	8
18,24	48
18,25	71
18,26	31
18,27	9
18,28	61
18,29	84
18,30	45
18,31	37
18,32	99
18,33	64
18,34	50
18,35	25
18,36	22
18,37	98
18,38	85
18,39	35
18,40	1
18,41	73
18,42	41
18,43	54
18,44	31
18,45	95
18,46	45
18,47	92
18,48	44
18,49	83
18,50	94
19,1	41
19,2	99
19,3	9
19,4	49
19,5	99
19,6	32
19,7	32
19,8	8
19,9	93
19,10	68
19,11	53
19,12	83
19,13	67
19,14	70
19,15	85
19,16	92
19,17	92
19,18	83
19,19	77
19,20	28
19,21	84
19,22	50
19,23	21
19,24	90
19,25	34
19,26	68
19,27	36
19,28	78
19,29	12
19,30	71
19,31	72
19,32	5
19,33	22
19,34	33
19,35	6
19,36	22
19,37	65
19,38	90
19,39	30
19,40	11
19,41	59
19,42	36
19,43	94
19,44	26
19,45	6
19,46	31
19,47	19
19,48	98
19,49	66
19,50	48
20,1	78
20,2	2
20,3	51
20,4	51
20,5	92
20,6	85
20,7	72
20,8	80
20,9	15
20,10	84
20,11	4
20,12	87
20,13	42
20,14	26
20,15	21
20,16	0
20,17	0
20,18	86
20,19	91
20,20	31
20,21	97
20,22	50
20,23	67
20,24	43
20,25	76
20,26	25
20,27	74
20,28	47
20,29	23
20,30	40
20,31	96
20,32	54
20,33	94
20,34	47
20,35	57
20,36	87
20,37	84
20,38	29
20,39	67
20,40	99
20,41	66
20,42	23
20,43	38
20,44	60
20,45	50
20,46	59
20,47	60
20,48	50
20,49	98
20,50	3
21,1	33
21,2	47
21,3	53
21,4	52
21,5	91
21,6	82
21,7	77
21,8	17
21,9	29
21,10	53
21,11	10
21,12	25
21,13	59
21,14	4
21,15	24
21,16	16
21,17	43
21,18	8
21,19	98
21,20	63
21,21	7
21,22	16
21,23	86
21,24	98
21,25	76
21,26	36
21,27	57
21,28	88
21,29	39
21,30	7
21,31	92
21,32	24
21,33	55
21,34	97
21,35	29
21,36	98
21,37	79
21,38	6
21,39	67
21,40	61
21,41	11
21,42	77
21,43	38
21,44	70
21,45	34
21,46	63
21,47	39
21,48	77
21,49	71
21,50	89
22,1	40
22,2	31
22,3	5
22,4	79
22,5	29
22,6	33
22,7	67
22,8	38
22,9	21
22,10	6
22,11	46
22,12	13
22,13	83
22,14	53
22,15	63
22,16	12
22,17	3
22,18	94
22,19	70
22,20	70
22,21	55
22,22	82
22,23	0
22,24	94
22,25	4
22,26	34
22,27	9
22,28	95
22,29	63
22,30	32
22,31	84
22,32	56
22,33	15
22,34	89
22,35	35
22,36	44
22,37	22
22,38	2
22,39	35
22,40	96
22,41	61
22,42	33
22,43	61
22,44	44
22,45	38
22,46	24
22,47	56
22,48	41
22,49	19
22,50	26
23,1	11
23,2	26
23,3	60
23,4	11
23,5	72
23,6	65
23,7	97
23,8	81
23,9	60
23,10	13
23,11	14
23,12	97
23,13	69
23,14	29
23,15	38
23,16	56
23,17	26
23,18	13
23,19	58
23,20	13
23,21	9
23,22	19
23,23	46
23,24	70
23,25	15
23,26	84
23,27	47
23,28	23
23,29	25
23,30	66
23,31	2
23,32	88
23,33	44
23,34	62
23,35	52
23,36	17
23,37	79
23,38	1
23,39	50
23,40	92
23,41	14
23,42	64
23,43	89
23,44	35
23,45	46
23,46	79
23,47	91
23,48	72
23,49	92
23,50	50
24,1	85
24,2	1
24,3	21
24,4	31
24,5	72
24,6	89
24,7	67
24,8	71
24,9	12
24,10	44
24,11	37
24,12	66
24,13	32
24,14	33
24,15	81
24,16	36
24,17	50
24,18	60
24,19	38
24,20	1
24,21	4
24,22	52
24,23	17
24,24	45
24,25	88
24,26	63
24,27	25
24,28	31
24,29	35
24,30	17
24,31	33
24,32	72
24,33	19
24,34	55
24,35	55
24,36	43
24,37	96
24,38	74
24,39	14
24,40	60
24,41	18
24,42	3
24,43	27
24,44	3
24,45	88
24,46	8
24,47	39
24,48	91
24,49	20
24,50	77
25,1	92
25,2	77
25,3	82
25,4	61
25,5	22
25,6	22
25,7	25
25,8	47
25,9	53
25,10	12
25,11	17
25,12	87
25,13	37
25,14	88
25,15	94
25,16	92
25,17	83
25,18	90
25,19	67
25,20	97
25,21	2
25,22	37
25,23	52
25,24	29
25,25	40
25,26	40
25,27	89
25,28	80
25,29	31
25,30	10
25,31	9
25,32	75
25,33	87
25,34	91
25,35	89
25,36	61
25,37	13
25,38	66
25,39	61
25,40	19
25,41	30
25,42	78
25,43	6
25,44	67
25,45	66
25,46	52
25,47	12
25,48	49
25,49	94
25,50	31
26,1	98
26,2	96
26,3	68
26,4	2
26,5	78
26,6	9
26,7	94
26,8	67
26,9	41
26,10	26
26,11	29
26,12	50
26,13	53
26,14	68
26,15	94
26,16	42
26,17	30
26,18	59
26,19	8
26,20	91
26,21	78
26,22	91
26,23	21
26,24	36
26,25	58
26,26	39
26,27	88
26,28	70
26,29	40
26,30	82
26,31	53
26,32	38
26,33	31
26,34	22
26,35	92
26,36	9
26,37	83
26,38	86
26,39	76
26,40	76
26,41	64
26,42	58
26,43	26
26,44	70
26,45	26
26,46	72
26,47	12
26,48	8
26,49	32
26,50	73
27,1	99
27,2	10
27,3	64
27,4	72
27,5	47
27,6	74
27,7	11
27,8	35
27,9	97
27,10	51
27,11	70
27,12	50
27,13	41
27,14	1
27,15	24
27,16	33
27,17	62
27,18	7
27,19	20
27,20	90
27,21	35
27,22	36
27,23	48
27,24	14
27,25	6
27,26	75
27,27	86
27,28	71
27,29	83
27,30	18
27,31	96
27,32	35
27,33	81
27,34	60
27,35	7
27,36	28
27,37	86
27,38	19
27,39	15
27,40	83
27,41	22
27,42	37
27,43	34
27,44	64
27,45	90
27,46	10
27,47	97
27,48	52
27,49	70
27,50	69
28,1	43
28,2	5
28,3	58
28,4	91
28,5	19
28,6	64
28,7	18
28,8	6
28,9	35
28,10	54
28,11	76
28,12	31
28,13	41
28,14	57
28,15	43
28,16	48
28,17	37
28,18	30
28,19	19
28,20	53
28,21	65
28,22	94
28,23	42
28,24	51
28,25	58
28,26	33
28,27	62
28,28	7
28,29	85
28,30	32
28,31	29
28,32	80
28,33	37
28,34	87
28,35	72
28,36	9
28,37	51
28,38	42
28,39	67
28,40	39
28,41	96
28,42	43
28,43	22
28,44	37
28,45	53
28,46	18
28,47	38
28,48	90
28,49	0
28,50	9
29,1	95
29,2	65
29,3	3
29,4	38
29,5	17
29,6	61
29,7	23
29,8	31
29,9	21
29,10	8
29,11	63
29,12	50
29,13	41
29,14	52
29,15	37
29,16	65
29,17	61
29,18	40
29,19	7
29,20	80
29,21	31
29,22	56
29,23	24
29,24	6
29,25	45
29,26	29
29,27	24
29,28	35
29,29	19
29,30	24
29,31	45
29,32	67
29,33	89
29,34	48
29,35	57
29,36	58
29,37	62
29,38	80
29,39	89
29,40	35
29,41	40
29,42	4
29,43	85
29,44	81
29,45	57
29,46	74
29,47	46
29,48	70
29,49	66
29,50	54
30,1	3
30,2	98
30,3	62
30,4	79
30,5	4
30,6	7
30,7	8
30,8	80
30,9	43
30,10	79
30,11	4
30,12	40
30,13	46
30,14	45
30,15	40
30,16	3
30,17	4
30,18	54
30,19	35
30,20	45
30,21	89
30,22	76
30,23	50
30,24	74
30,25	57
30,26	59
30,27	0
30,28	4
30,29	81
30,30	67
30,31	10
30,32	84
30,33	65
30,34	24
30,35	63
30,36	21
30,37	31
30,38	71
30,39	1
30,40	26
30,41	51
30,42	57
30,43	18
30,44	49
30,45	2
30,46	59
30,47	5
30,48	58
30,49	13
30,50	40
31,1	4
31,2	3
31,3	68
31,4	6
31,5	29
31,6	26
31,7	65
31,8	30
31,9	82
31,10	98
31,11	49
31,12	44
31,13	83
31,14	14
31,15	68
31,16	46
31,17	87
31,18	51
31,19	70
31,20	40
31,21	30
31,22	73
31,23	97
31,24	48
31,25	22
31,26	51
31,27	59
31,28	79
31,29	10
31,30	73
31,31	72
31,32	66
31,33	28
31,34	40
31,35	72
31,36	9
31,37	18
31,38	89
31,39	91
31,40	52
31,41	87
31,42	40
31,43	48
31,44	70
31,45	6
31,46	16
31,47	69
31,48	93
31,49	20
31,50	39
32,1	85
32,2	2
32,3	64
32,4	82
32,5	50
32,6	38
32,7	86
32,8	10
32,9	18
32,10	96
32,11	35
32,12	90
32,13	62
32,14	15
32,15	82
32,16	86
32,17	24
32,18	53
32,19	75
32,20	16
32,21	5
32,22	62
32,23	56
32,24	54
32,25	33
32,26	63
32,27	22
32,28	54
32,29	8
32,30	94
32,31	93
32,32	94
32,33	96
32,34	57
32,35	28
32,36	47
32,37	95
32,38	14
32,39	9
32,40	65
32,41	62
32,42	44
32,43	7
32,44	76
32,45	59
32,46	90
32,47	62
32,48	35
32,49	43
32,50	37
33,1	51
33,2	0
33,3	0
33,4	60
33,5	6
33,6	85
33,7	75
33,8	29
33,9	39
33,10	83
33,11	75
33,12	84
33,13	29
33,14	72
33,15	93
33,16	10
33,17	71
33,18	88
33,19	76
33,20	80
33,21	6
33,22	91
33,23	76
33,24	13
33,25	67
33,26	87
33,27	55
33,28	30
33,29	22
33,30	50
33,31	19
33,32	26
33,33	51
33,34	71
33,35	86
33,36	57
33,37	8
33,38	61
33,39	38
33,40	99
33,41	96
33,42	14
33,43	83
33,44	78
33,45	38
33,46	76
33,47	88
33,48	9
33,49	17
33,50	16
34,1	89
34,2	23
34,3	7
34,4	65
34,5	36
34,6	75
34,7	4
34,8	92
34,9	57
34,10	26
34,11	42
34,12	28
34,13	52
34,14	45
34,15	0
34,16	90
34,17	55
34,18	8
34,19	3
34,20	45
34,21	8
34,22	0
34,23	59
34,24	43
34,25	78
34,26	49
34,27	20
34,28	18
34,29	58
34,30	89
34,31	34
34,32	47
34,33	12
34,34	94
34,35	64
34,36	0
34,37	21
34,38	20
34,39	92
34,40	78
34,41	47
34,42	87
34,43	6
34,44	51
34,45	32
34,46	58
34,47	42
34,48	87
34,49	19
34,50	45
35,1	33
35,2	27
35,3	97
35,4	44
35,5	22
35,6	27
35,7	46
35,8	42
35,9	45
35,10	4
35,11	31
35,12	32
35,13	4
35,14	95
35,15	26
35,16	20
35,17	96
35,18	47
35,19	41
35,20	40
35,21	77
35,22	40
35,23	27
35,24	35
35,25	43
35,26	12
35,27	94
35,28	37
35,29	51
35,30	13
35,31	35
35,32	36
35,33	92
35,34	32
35,35	33
35,36	14
35,37	60
35,38	79
35,39	9
35,40	57
35,41	83
35,42	92
35,43	41
35,44	39
35,45	88
35,46	19
35,47	60
35,48	36
35,49	18
35,50	1
36,1	76
36,2	95
36,3	93
36,4	56
36,5	83
36,6	36
36,7	68
36,8	77
36,9	74
36,10	19
36,11	42
36,12	9
36,13	56
36,14	34
36,15	93
36,16	89
36,17	0
36,18	53
36,19	68
36,20	9
36,21	63
36,22	3
36,23	54
36,24	4
36,25	43
36,26	94
36,27	76
36,28	55
36,29	30
36,30	94
36,31	8
36,32	6
36,33	42
36,34	1
36,35	62
36,36	25
36,37	37
36,38	82
36,39	54
36,40	63
36,41	2
36,42	96
36,43	24
36,44	10
36,45	82
36,46	18
36,47	99
36,48	82
36,49	23
36,50	19
37,1	44
37,2	86
37,3	74
37,4	98
37,5	43
37,6	69
37,7	92
37,8	19
37,9	24
37,10	74
37,11	65
37,12	32
37,13	80
37,14	7
37,15	33
37,16	95
37,17	84
37,18	23
37,19	77
37,20	38
37,21	38
37,22	31
37,23	34
37,24	63
37,25	41
37,26	68
37,27	81
37,28	92
37,29	51
37,30	4
37,31	63
37,32	47
37,33	43
37,34	38
37,35	97
37,36	38
37,37	7
37,38	89
37,39	57
37,40	32
37,41	63
37,42	74
37,43	16
37,44	95
37,45	82
37,46	50
37,47	42
37,48	66
37,49	25
37,50	20
38,1	57
38,2	63
38,3	51
38,4	43
38,5	78
38,6	45
38,7	12
38,8	59
38,9	37
38,10	15
38,11	16
38,12	1
38,13	62
38,14	11
38,15	39
38,16	59
38,17	49
38,18	98
38,19	0
38,20	58
38,21	82
38,22	15
38,23	32
38,24	99
38,25	62
38,26	14
38,27	1
38,28	5
38,29	33
38,30	26
38,31	77
38,32	42
38,33	41
38,34	80
38,35	85
38,36	20
38,37	25
38,38	49
38,39	31
38,40	15
38,41	64
38,42	47
38,43	16
38,44	78
38,45	58
38,46	7
38,47	89
38,48	7
38,49	5
38,50	41
39,1	65
39,2	40
39,3	56
39,4	50
39,5	39
39,6	71
39,7	16
39,8	92
39,9	76
39,10	49
39,11	70
39,12	5
39,13	43
39,14	11
39,15	85
39,16	29
39,17	83
39,18	63
39,19	78
39,20	15
39,21	78
39,22	95
39,23	14
39,24	94
39,25	73
39,26	25
39,27	53
39,28	63
39,29	84
39,30	58
39,31	4
39,32	2
39,33	50
39,34	13
39,35	52
39,36	41
39,37	84
39,38	68
39,39	33
39,40	12
39,41	70
39,42	3
39,43	17
39,44	13
39,45	67
39,46	54
39,47	94
39,48	50
39,49	69
39,50	73
40,1	17
40,2	47
40,3	68
40,4	84
40,5	93
40,6	93
40,7	9
40,8	46
40,9	8
40,10	93
40,11	57
40,12	13
40,13	95
40,14	59
40,15	78
40,16	99
40,17	1
40,18	62
40,19	68
40,20	34
40,21	26
40,22	90
40,23	90
40,24	43
40,25	3
40,26	57
40,27	49
40,28	98
40,29	59
40,30	19
40,31	23
40,32	29
40,33	18
40,34	43
40,35	13
40,36	12
40,37	36
40,38	22
40,39	10
40,40	97
40,41	67
40,42	19
40,43	10
40,44	15
40,45	79
40,46	88
40,47	14
40,48	80
40,49	2
40,50	34
